%YAML:1.0
---
imageWidth: 320
imageHeight: 240
cameraMatrix1: !!opencv-matrix
   rows: 3
   cols: 3
   dt: d
   data: [ 6.4577476283364683e+02, 0., 1.7321921251179981e+02, 0.,
       6.4592728654232144e+02, 1.2039715524135566e+02, 0., 0., 1. ]
cameraMatrix2: !!opencv-matrix
   rows: 3
   cols: 3
   dt: d
   data: [ 6.5407977558333118e+02, 0., 1.7548895128893184e+02, 0.,
       6.5428804008611269e+02, 1.1649825028760019e+02, 0., 0., 1. ]
distCoeffs1: !!opencv-matrix
   rows: 5
   cols: 1
   dt: d
   data: [ -4.6563949943162936e-01, 1.0127229733140195e+00,
       2.4571439394565579e-03, 1.6516038585356833e-03, 0. ]
distCoeffs2: !!opencv-matrix
   rows: 5
   cols: 1
   dt: d
   data: [ -4.0289435068606505e-01, -6.3470848498910304e-01,
       2.4384753548415428e-04, -3.3712520985321112e-03, 0. ]
R: !!opencv-matrix
   rows: 3
   cols: 3
   dt: d
   data: [ 9.9997075246528699e-01, 7.8371932755187407e-04,
       -7.6078905107319324e-03, -7.9677320242456059e-04,
       9.9999821546819112e-01, -1.7129544351958234e-03,
       7.6065344587112381e-03, 1.7189660987874571e-03,
       9.9996959243222971e-01 ]
T: !!opencv-matrix
   rows: 3
   cols: 1
   dt: d
   data: [ -6.0473818143694638e-02, 8.9077485059263712e-05,
       1.9810273410091964e-02 ]
E: !!opencv-matrix
   rows: 3
   cols: 3
   dt: d
   data: [ 1.6461865945463719e-05, -1.9810084936851938e-02,
       1.2300887212985889e-04, 2.0269690189992581e-02,
       1.1947813740882496e-04, 6.0321264890879460e-02,
       -4.0890962017235218e-05, -6.0473780037989248e-02,
       1.0426658675576963e-04 ]
F: !!opencv-matrix
   rows: 3
   cols: 3
   dt: d
   data: [ 6.5355142107864952e-08, -7.8629312335429352e-05,
       9.7707931813874865e-03, 8.0446944277596391e-05,
       4.7407638498231976e-07, 1.4060955401465736e-01,
       -9.4895812739922390e-03, -1.4325532468217150e-01, 1. ]
R1: !!opencv-matrix
   rows: 3
   cols: 3
   dt: d
   data: [ 9.4791399263671061e-01, -1.1901446032463606e-03,
       -3.1852416881510509e-01, 8.9562457991651924e-04,
       9.9999902530986151e-01, -1.0710910039921423e-03,
       3.1852513310591685e-01, 7.3002407518316472e-04,
       9.4791413463705021e-01 ]
R2: !!opencv-matrix
   rows: 3
   cols: 3
   dt: d
   data: [ 9.5030863275133814e-01, -1.3997975592421124e-03,
       -3.1130618863921677e-01, 1.6874656918569831e-03,
       9.9999836190021318e-01, 6.5471858783237250e-04,
       3.1130476221513426e-01, -1.1475032390313082e-03,
       9.5030943816132607e-01 ]
P1: !!opencv-matrix
   rows: 3
   cols: 4
   dt: d
   data: [ 6.5010766331421701e+02, 0., 4.1147187709808350e+02, 0., 0.,
       6.5010766331421701e+02, 1.1862122631072998e+02, 0., 0., 0., 1.,
       0. ]
P2: !!opencv-matrix
   rows: 3
   cols: 4
   dt: d
   data: [ 6.5010766331421701e+02, 0., 4.0804179191589355e+02,
       -4.1370236205539584e+01, 0., 6.5010766331421701e+02,
       1.1862122631072998e+02, 0., 0., 0., 1., 0. ]
Q: !!opencv-matrix
   rows: 4
   cols: 4
   dt: d
   data: [ 1., 0., 0., -4.1147187709808350e+02, 0., 1., 0.,
       -1.1862122631072998e+02, 0., 0., 0., 6.5010766331421701e+02, 0.,
       0., 1.5714381230126161e+01, -5.3901666204739492e+01 ]
