%YAML:1.0
---
imageWidth: 640
imageHeight: 480
cameraMatrix1: !!opencv-matrix
   rows: 3
   cols: 3
   dt: d
   data: [ 1.3117568107139987e+03, 0., 3.7077025012934308e+02, 0.,
       1.3114996031679102e+03, 2.4618385670246403e+02, 0., 0., 1. ]
cameraMatrix2: !!opencv-matrix
   rows: 3
   cols: 3
   dt: d
   data: [ 1.3092441363775874e+03, 0., 3.7262285019189483e+02, 0.,
       1.3081405691972311e+03, 2.3320229102289659e+02, 0., 0., 1. ]
distCoeffs1: !!opencv-matrix
   rows: 5
   cols: 1
   dt: d
   data: [ -4.7063781532746080e-01, -8.0575303676516649e-02,
       1.0180383849362350e-03, -1.4564228022459626e-03, 0. ]
distCoeffs2: !!opencv-matrix
   rows: 5
   cols: 1
   dt: d
   data: [ -4.8167011510396218e-01, -8.8128167652993292e-02,
       -6.8657657018612146e-04, -7.5361564796049586e-03, 0. ]
R: !!opencv-matrix
   rows: 3
   cols: 3
   dt: d
   data: [ 9.9996304227386101e-01, 8.0424556603088794e-04,
       -8.5596305687765280e-03, -7.8618628604934895e-04,
       9.9999745861909128e-01, 2.1129757411055675e-03,
       8.5613081668657297e-03, -2.1061681861599632e-03,
       9.9996113327371050e-01 ]
T: !!opencv-matrix
   rows: 3
   cols: 1
   dt: d
   data: [ -5.7876987416868579e-02, 2.7354243871408117e-04,
       3.8040723158838975e-03 ]
E: !!opencv-matrix
   rows: 3
   cols: 3
   dt: d
   data: [ 5.3325906004351388e-06, -3.8046387746691226e-03,
       2.6549389449411317e-04, 4.2994344510666558e-03,
       -1.1883926131527863e-04, 5.7842176474159311e-02,
       -2.2803023542255097e-04, -5.7877060324691157e-02,
       -1.1995124815984076e-04 ]
F: !!opencv-matrix
   rows: 3
   cols: 3
   dt: d
   data: [ 7.1967463145540494e-09, -5.1356633237163517e-06,
       1.7316576779939788e-03, 5.8073166400350787e-06,
       -1.6054962002954815e-07, 1.0037177458867622e-01,
       -1.7598739800181581e-03, -1.0033348602635939e-01, 1. ]
R1: !!opencv-matrix
   rows: 3
   cols: 3
   dt: d
   data: [ 9.9724120688702678e-01, -3.7753953622300328e-03,
       -7.4133134807352660e-02, 3.8518891115249454e-03,
       9.9999218637612075e-01, 8.8889649456618664e-04,
       7.4129199623217221e-02, -1.1719968278064853e-03,
       9.9724795722360693e-01 ]
R2: !!opencv-matrix
   rows: 3
   cols: 3
   dt: d
   data: [ 9.9783586702148452e-01, -4.7160446437106620e-03,
       -6.5584612588630492e-02, 4.6483774108135364e-03,
       9.9998849492940400e-01, -1.1843125735770113e-03,
       6.5589443304001738e-02, 8.7688753202571496e-04,
       9.9784630880478153e-01 ]
P1: !!opencv-matrix
   rows: 3
   cols: 4
   dt: d
   data: [ 1.3098200861825708e+03, 0., 4.8133395004272461e+02, 0., 0.,
       1.3098200861825708e+03, 2.4020282363891602e+02, 0., 0., 0., 1.,
       0. ]
P2: !!opencv-matrix
   rows: 3
   cols: 4
   dt: d
   data: [ 1.3098200861825708e+03, 0., 4.6949170684814453e+02,
       -7.5972856009512554e+01, 0., 1.3098200861825708e+03,
       2.4020282363891602e+02, 0., 0., 0., 1., 0. ]
Q: !!opencv-matrix
   rows: 4
   cols: 4
   dt: d
   data: [ 1., 0., 0., -4.8133395004272461e+02, 0., 1., 0.,
       -2.4020282363891602e+02, 0., 0., 0., 1.3098200861825708e+03, 0.,
       0., 1.7240632444021433e+01, -2.0416776223046929e+02 ]
